######################## ######################## ######################## ######################## ######################## ######################## ########################
# Radius (arcsec)	 Intensity B7 (Jy/sr)     Intensity B6 (Jy/sr)     Intensity B3 (Jy/sr)     Error Int B7 (Jy/sr)     Error Int B6 (Jy/sr)     Error Int B3 (Jy/sr)
######################## ######################## ######################## ######################## ######################## ######################## ########################
3.363066128760017464e-03 2.423158029005466938e+09 5.888245212767516375e+08 1.139920099083333969e+09 1.016352238488540649e+08 9.153749309023809433e+07 1.366734781546765864e+08
7.719640063456953936e-03 2.424892837415520191e+09 5.829317543298389912e+08 1.085040983356891632e+09 1.006027479857511520e+08 8.948337403016161919e+07 1.250625012894731760e+08
1.210194192185057131e-02 2.425180240798395157e+09 5.708745073400162458e+08 9.941954368824776411e+08 9.847475077718353271e+07 8.547287029526185989e+07 1.065935276701511741e+08
1.649005681557752165e-02 2.419174256068400383e+09 5.513508774666225910e+08 8.788447195678710938e+08 9.499209596743774414e+07 7.938579347233116627e+07 8.463883992513532937e+07
2.088037673087254908e-02 2.405364685264091015e+09 5.266118320068295598e+08 7.518399315791924000e+08 9.074131780232715607e+07 7.217107915700763464e+07 6.273294099029997736e+07
2.527176366146438244e-02 2.384522220589105606e+09 4.984131276495031714e+08 6.249090323942812681e+08 8.601143452293491364e+07 6.448320989646500349e+07 4.381949799262578040e+07
2.966374690140279394e-02 2.352649091245486259e+09 4.658838866493119001e+08 5.069724240558371544e+08 7.995955532046222687e+07 5.618978786868929863e+07 2.989192909792707860e+07
3.405609687345829972e-02 2.313125178392659664e+09 4.299456271221244931e+08 4.035113488163074255e+08 7.335877512632036209e+07 4.772783955998075008e+07 2.177591160866559669e+07
3.844868836113396471e-02 2.270586383560311794e+09 3.950666432661264539e+08 3.168249536654608250e+08 6.692886750651264191e+07 4.021302003621983528e+07 1.847577411528929323e+07
4.284144729424473053e-02 2.224126195446526527e+09 3.615009090857172012e+08 2.468032323291466534e+08 6.052570963741445541e+07 3.372516182900971174e+07 1.745881573052767292e+07
4.723432706703094286e-02 2.173539396129292965e+09 3.275079030820614696e+08 1.918396363211950958e+08 5.424261666703367233e+07 2.795035096736621857e+07 1.679882208975221589e+07
5.162729689394635751e-02 2.123608393710590363e+09 2.955015785565914512e+08 1.496266869767016768e+08 4.873640468546056747e+07 2.335525208838337660e+07 1.585622605014177039e+07
5.602033562449013765e-02 2.076186706555452108e+09 2.677822882031627297e+08 1.177224346196726710e+08 4.418446455585885048e+07 2.008692061072999239e+07 1.462879807644703612e+07
6.041342824852487942e-02 2.025845670900244951e+09 2.425744886980501115e+08 9.388371148041436076e+07 4.009670762935066223e+07 1.774479878995019197e+07 1.327667095052028261e+07
6.480656381935349930e-02 1.975905379550399065e+09 2.187460380102802515e+08 7.621716960225942731e+07 3.680765877238678932e+07 1.607726460532283783e+07 1.194782754525769502e+07
6.919973416618034612e-02 1.930299856189364910e+09 1.988025975302919149e+08 6.321221717200399935e+07 3.447563163212084770e+07 1.508033899810102582e+07 1.073774315624614060e+07
7.359293306685411873e-02 1.887452652543793201e+09 1.826454037619161010e+08 5.371030278868157417e+07 3.285155358815693855e+07 1.451368305524373055e+07 9.694007054616656154e+06
7.798615569975397843e-02 1.846398488139054775e+09 1.681386865245940089e+08 4.684802949893119931e+07 3.178394363003540039e+07 1.414911998226648569e+07 8.831384442623866722e+06
8.237939827079786281e-02 1.810421963879982710e+09 1.554785282590742111e+08 4.199591443573193252e+07 3.119504020858144760e+07 1.389807572607585788e+07 8.145685800008257851e+06
8.677265775360708255e-02 1.780609451353594303e+09 1.454936232434163988e+08 3.870331982221086323e+07 3.091886127530646324e+07 1.370255785892578959e+07 7.623605984769600444e+06
9.116593170470983776e-02 1.754598038606608152e+09 1.378969689244063795e+08 3.665318047460812330e+07 3.079020481304001808e+07 1.351768120412987471e+07 7.248750855059904978e+06
9.555921812966575168e-02 1.734220906700158596e+09 1.320644727661520690e+08 3.562651953236725926e+07 3.071426243560075760e+07 1.331542150419373810e+07 7.004850053167426027e+06
9.995251538446194017e-02 1.720650123918222189e+09 1.280021402110858113e+08 3.547516311746647209e+07 3.061353646420073509e+07 1.309554171387515962e+07 6.877116155308966525e+06
1.043458221017963261e-01 1.713524102998244762e+09 1.257390454170988649e+08 3.610061981016638875e+07 3.043466047725749016e+07 1.287315911452339590e+07 6.852452302365374751e+06
1.087391371352164071e-01 1.713786733897734880e+09 1.250324248599589616e+08 3.743721424511673301e+07 3.013973426743125916e+07 1.265555548293103278e+07 6.918959483481468633e+06
1.131324595162640223e-01 1.721861737759928465e+09 1.258304131115561575e+08 3.943795656271342933e+07 2.975077191610789299e+07 1.244045851516063511e+07 7.065022186961179599e+06
1.175257884212256299e-01 1.737648118770476580e+09 1.282394762241268605e+08 4.206215676926435530e+07 2.928797509043359756e+07 1.223550941280142963e+07 7.278169813460445963e+06
1.219191231450665880e-01 1.762986642734453201e+09 1.323065065771005154e+08 4.526439537857497483e+07 2.873547422018146515e+07 1.205545257517632842e+07 7.543911281231929548e+06
1.263124630808024618e-01 1.798651407971829414e+09 1.379912678146726787e+08 4.898508396603732556e+07 2.813449455151534081e+07 1.190816652428105474e+07 7.844795462681102566e+06
1.307058077030276988e-01 1.843917635998061180e+09 1.455141322877014875e+08 5.314339770679834485e+07 2.754126615025520325e+07 1.179668724737846851e+07 8.160013947882894427e+06
1.350991565546568740e-01 1.898103881890290022e+09 1.550267448451900184e+08 5.763369531962317228e+07 2.699535863328647614e+07 1.172706146093496680e+07 8.465871261250887066e+06
1.394925092361702368e-01 1.965254608406556368e+09 1.664371592314341068e+08 6.232650579746027291e+07 2.649557558054089546e+07 1.170566150405487418e+07 8.737340528665659949e+06
1.438858653968284329e-01 2.044756574404463053e+09 1.801166965598406792e+08 6.707466133499863744e+07 2.608365958037686348e+07 1.173577802462649345e+07 8.950677468949984759e+06
1.482792247274485053e-01 2.136286560079821825e+09 1.969753571846238971e+08 7.172423845044828951e+07 2.578905708864760399e+07 1.182648090105754137e+07 9.086727917839676142e+06
1.526725869544266201e-01 2.242934533018712521e+09 2.166029327777788639e+08 7.612886137234245241e+07 2.561820448274946213e+07 1.197985960853546858e+07 9.134245622798796743e+06
1.570659518347638228e-01 2.364392091264677525e+09 2.391076611257618368e+08 8.016498416110964119e+07 2.558602322061014175e+07 1.219536140737879276e+07 9.092372983188493177e+06
1.614593191519030912e-01 2.499463518922331333e+09 2.654441844458552599e+08 8.374536150750564039e+07 2.568804427847051620e+07 1.247885676647329330e+07 8.971520160426732153e+06
1.658526887122283022e-01 2.647381626747138500e+09 2.963581666319786906e+08 8.682823921257886291e+07 2.590741738234138489e+07 1.283288881092482805e+07 8.792207833267638460e+06
1.702460603421049601e-01 2.814896135300065994e+09 3.319463265830480456e+08 8.942077241966964304e+07 2.623544527415800095e+07 1.324875447790336609e+07 8.581926640114206821e+06
1.746394338853674288e-01 2.997612027501434803e+09 3.721260022554542422e+08 9.157649444433012605e+07 2.663770762549638748e+07 1.371150640872830153e+07 8.370583773635468446e+06
1.790328092011759520e-01 3.191751754557331085e+09 4.180952136475002170e+08 9.338788594625496864e+07 2.707401809820318222e+07 1.421786685643362999e+07 8.185532849956279621e+06
1.834261861621818146e-01 3.402829949315485477e+09 4.710114036797599792e+08 9.497588047443747520e+07 2.752451255834054947e+07 1.476086104813039303e+07 8.047392359136137180e+06
1.878195646529497165e-01 3.631318246063614845e+09 5.288417911725636721e+08 9.647833434008654952e+07 2.795767948778581619e+07 1.530070479465925694e+07 7.967699624261680059e+06
1.922129445685964999e-01 3.868727316925202370e+09 5.928368196297156811e+08 9.803915103714512289e+07 2.833206406233310699e+07 1.583434717555248737e+07 7.948843570928112604e+06
1.966063258136125369e-01 4.108840873007456303e+09 6.660084422212181091e+08 9.979909255534908175e+07 2.862441031308698654e+07 1.636986642601871490e+07 7.985873550407784060e+06
2.009997083008373542e-01 4.361596695071896553e+09 7.462241062621608973e+08 1.018885766583151668e+08 2.883847676996326447e+07 1.687891533770728111e+07 8.069165517398576252e+06
2.053930919505667918e-01 4.621481794283975601e+09 8.315378372241399288e+08 1.044221433092157245e+08 2.896521706406211853e+07 1.734711437655925751e+07 8.186891356194173917e+06
2.097864766897726552e-01 4.878341010003562927e+09 9.222970785345876217e+08 1.074938797442320138e+08 2.900710661473274231e+07 1.778168509058153629e+07 8.326682830276099965e+06
2.141798624514177629e-01 5.133970556742273331e+09 1.018089014793782949e+09 1.111729497345111370e+08 2.897991581292152405e+07 1.818878810997831821e+07 8.476422554798470810e+06
2.185732491738543726e-01 5.389191242330078125e+09 1.117607199167652130e+09 1.154984625352185965e+08 2.889769751579570770e+07 1.857267451175951958e+07 8.624440539279041812e+06
2.229666368002927168e-01 5.629308618509382248e+09 1.218618435274518013e+09 1.204732142288054973e+08 2.878262464199733734e+07 1.893570479124617577e+07 8.759498723501630127e+06
2.273600252783322118e-01 5.847882606847338676e+09 1.318573639699772835e+09 1.260563161030661464e+08 2.865401924347305298e+07 1.927639109273743629e+07 8.870895477105922997e+06
2.317534145595453732e-01 6.055931020361460686e+09 1.418997378450363874e+09 1.321553648972783536e+08 2.851435691216373444e+07 1.960175832498455048e+07 8.948906030367441475e+06
2.361468045991079179e-01 6.247150009572791100e+09 1.514957449242465258e+09 1.386195502788594663e+08 2.836905207944297791e+07 1.989068534721374512e+07 8.985633150745313615e+06
2.405401953554702210e-01 6.413564360526916504e+09 1.601362197853637695e+09 1.452358113648985922e+08 2.821981637486267090e+07 2.011853458865976334e+07 8.976179365673325956e+06
2.449335867900635511e-01 6.554895889446769714e+09 1.680024932676209927e+09 1.517306335219483376e+08 2.805953509636974335e+07 2.027599618426275253e+07 8.919868172589059919e+06
2.493269788670371134e-01 6.674696833178765297e+09 1.748882665713622093e+09 1.577800354956197441e+08 2.787215669077205658e+07 2.034050884079885483e+07 8.821063648226667196e+06
2.537203715530233494e-01 6.771094321444899559e+09 1.804398293637806177e+09 1.630294618350937366e+08 2.764941425815200806e+07 2.029290999246644974e+07 8.689039943693529814e+06
2.581137648169260501e-01 6.843672165428001404e+09 1.845655105070276976e+09 1.671235464685451090e+08 2.738834362351512909e+07 2.013112849437570572e+07 8.536456121844479814e+06
2.625071586297307302e-01 6.897229963237801552e+09 1.873633174876581669e+09 1.697432420765525699e+08 2.707531525101470947e+07 1.985419330383133888e+07 8.376413359895582311e+06
2.669005529643330155e-01 6.933107936242033958e+09 1.888310761294472218e+09 1.706452032192252874e+08 2.671601161843299866e+07 1.946922727788734436e+07 8.218782796852127649e+06
2.712939477953842937e-01 6.954299129221649170e+09 1.890255698360736132e+09 1.696964552275198400e+08 2.632254701763916016e+07 1.900357672370076180e+07 8.067165014503012411e+06
2.756873430991515495e-01 6.965259044610843658e+09 1.881144574740651131e+09 1.668971543263098598e+08 2.590800773573207855e+07 1.848033486691403389e+07 7.917916778247031383e+06
2.800807388533907427e-01 6.970354448979083061e+09 1.862773040842562437e+09 1.623860951948511600e+08 2.547159588281250000e+07 1.791714944966006279e+07 7.761846959062575363e+06
2.844741350372319566e-01 6.973913726252657890e+09 1.837120300262788057e+09 1.564272464586521685e+08 2.503767439314842224e+07 1.733748031529378891e+07 7.587870950945954770e+06
2.888675316310747587e-01 6.980311264690859795e+09 1.807514767125934601e+09 1.493799407018481493e+08 2.463324989960861206e+07 1.677757481216478348e+07 7.387036037017860450e+06
2.932609286164932216e-01 6.994401078086036682e+09 1.776613368298095703e+09 1.416590054855845571e+08 2.424556819766902924e+07 1.625159342027592659e+07 7.155418618384415284e+06
2.976543259761493254e-01 7.021080450281250000e+09 1.746331999538661003e+09 1.336929357806814462e+08 2.388857006274795532e+07 1.575779850288391113e+07 6.895179820736936294e+06
3.020477236937134657e-01 7.064664500745732307e+09 1.719899839765187740e+09 1.258877564608104378e+08 2.357607276960372925e+07 1.531372998846077919e+07 6.613919147379850037e+06
3.064411217537926779e-01 7.128720719883524895e+09 1.699987729352207661e+09 1.186019427110134512e+08 2.331124192040061951e+07 1.492653461131620407e+07 6.322969112622918561e+06
3.108345201418641346e-01 7.217968804155659676e+09 1.688739779537369490e+09 1.121346594884323627e+08 2.309176390830326080e+07 1.459356077663302422e+07 6.035368774249987677e+06
3.152279188442145830e-01 7.337077628752667427e+09 1.688713480347844124e+09 1.067267253599137068e+08 2.291557909719562531e+07 1.431615535049772263e+07 5.764083166963521391e+06
3.196213178478846673e-01 7.489296495282471657e+09 1.702504445707390070e+09 1.025718341989287287e+08 2.278281891166591644e+07 1.410189086074161530e+07 5.520770172408548184e+06
3.240147171406179694e-01 7.679983881381258965e+09 1.731897312840544224e+09 9.983490291256611049e+07 2.269042278374958038e+07 1.395402941843557358e+07 5.315156160256830044e+06
3.284081167108138799e-01 7.914001291624260902e+09 1.780155286775575638e+09 9.867475049842232466e+07 2.263761894285011292e+07 1.387049676595139503e+07 5.154921847084315494e+06
3.328015165474841330e-01 8.189956829345308304e+09 1.851665012756173372e+09 9.926923462715178728e+07 2.262436761852264404e+07 1.385617715857028961e+07 5.045925883091481403e+06
3.371949166402133935e-01 8.507384758114861488e+09 1.947517324338999748e+09 1.018420449643913358e+08 2.264867433722496033e+07 1.391533505031061172e+07 4.992584324658936821e+06
3.415883169791221197e-01 8.879000529015880585e+09 2.067972650289598703e+09 1.066912430990435481e+08 2.271189357621383667e+07 1.404462384192824364e+07 4.998250559380344115e+06
3.459817175548322576e-01 9.307163159797481537e+09 2.222116462495981693e+09 1.142201196545321196e+08 2.281577735361862183e+07 1.425035020213031769e+07 5.065478836834623478e+06
3.503751183584362661e-01 9.789123478807874680e+09 2.414867528359572887e+09 1.249708332440685034e+08 2.296095614087486267e+07 1.453475394544792175e+07 5.196092661904512905e+06
3.547685193814680837e-01 1.032893919472070312e+10 2.644898658720259666e+09 1.396604026720878780e+08 2.314888405119705200e+07 1.488835807741069794e+07 5.391015891745344736e+06
3.591619206158753741e-01 1.093271158762757683e+10 2.919815377498556614e+09 1.592166680466481447e+08 2.338218737620925903e+07 1.531306658300018311e+07 5.649867958056860603e+06
3.635553220539954333e-01 1.158455742844916725e+10 3.245685913422021866e+09 1.848084863388379216e+08 2.365332748775482178e+07 1.580754888332176208e+07 5.970389102880300954e+06
3.679487236885312651e-01 1.226737823418380165e+10 3.624487314053648949e+09 2.178594336385782361e+08 2.395161314291000366e+07 1.636345304283046722e+07 6.347858259432070889e+06
3.723421255125304863e-01 1.301377870237627220e+10 4.054515060685946941e+09 2.600278081219812334e+08 2.428707553186798096e+07 1.696741081669569016e+07 6.774789234217174351e+06
3.767355275193646769e-01 1.381351823407721901e+10 4.528218785716786385e+09 3.131288678572714925e+08 2.464976292423629761e+07 1.760072373648929596e+07 7.241292951622998342e+06
3.811289297027115053e-01 1.463232571988409424e+10 5.059836786881821632e+09 3.789706994540942907e+08 2.501718134048652649e+07 1.827429703423118591e+07 7.736460894771594554e+06
3.855223320565362988e-01 1.546763106166552544e+10 5.646863342267185211e+09 4.590776065117777586e+08 2.538082899738311768e+07 1.897788366018486023e+07 8.250781193019401282e+06
3.899157345750768888e-01 1.632609313916252136e+10 6.265559247347053528e+09 5.542905814012527466e+08 2.573574244792938232e+07 1.967826801991081238e+07 8.778807458693107590e+06
3.943091372528273464e-01 1.717391139854322243e+10 6.908748757490280151e+09 6.642684483349400759e+08 2.606092148174095154e+07 2.036598147540187836e+07 9.320241414473088458e+06
3.987025400845248813e-01 1.797481610956311417e+10 7.574365338045507431e+09 7.869652015589305162e+08 2.633875238549041748e+07 2.103650552413082123e+07 9.877117847443621606e+06
4.030959430651360198e-01 1.874685958107102966e+10 8.227766059993819237e+09 9.182174181401400566e+08 2.657305287385177612e+07 2.165391282854175568e+07 1.044626623656724766e+07
4.074893461898440594e-01 1.947454487575324631e+10 8.838552550112827301e+09 1.051615473739329815e+09 2.675694157606887817e+07 2.219063394805526733e+07 1.101003076830829866e+07
4.118827494540384104e-01 2.011799312980958176e+10 9.404911071367341995e+09 1.178821152748121262e+09 2.688065256591796875e+07 2.264536865771675110e+07 1.153171650652546436e+07
4.162761528533022726e-01 2.066220210666355896e+10 9.904034339978256226e+09 1.290408556442023277e+09 2.694544242811203003e+07 2.299829350007057190e+07 1.196108070034873299e+07
4.206695563834041973e-01 2.110153343084578323e+10 1.030634704482024384e+10 1.377151584096342325e+09 2.695414863410568237e+07 2.322705919779205322e+07 1.224881897148794681e+07
4.250629600402871522e-01 2.142308811829122162e+10 1.059913074791648674e+10 1.431507906173349857e+09 2.690934889662933350e+07 2.332625788281250000e+07 1.236256629359901138e+07
4.294563638200603051e-01 2.161928512778356171e+10 1.077324447993771362e+10 1.448932847180454493e+09 2.681493481572341919e+07 2.329160613412284851e+07 1.229587727945828624e+07
4.338497677189903645e-01 2.169038826220886230e+10 1.082193313416472626e+10 1.428663513570216656e+09 2.666961911153411865e+07 2.312553954953002930e+07 1.206638053268951736e+07
4.382431717334938082e-01 2.163276401332706451e+10 1.074440624895595741e+10 1.373757905410050631e+09 2.647527280381774902e+07 2.283723441350936890e+07 1.170590012220996991e+07
4.426365758601292222e-01 2.145107809812916946e+10 1.054942344785960579e+10 1.290401381031078815e+09 2.623524322464370728e+07 2.243899879509544373e+07 1.124918862124040350e+07
4.470299800955907510e-01 2.115449719983630371e+10 1.024739528086940765e+10 1.186707346163317204e+09 2.594840153563690186e+07 2.194473632330131531e+07 1.072685021135392040e+07
4.514233844367009918e-01 2.074833504773178864e+10 9.856024932714868546e+09 1.071354689597647071e+09 2.561116518858337402e+07 2.137327390210914612e+07 1.016373043338790722e+07
4.558167888804050549e-01 2.025342916630506516e+10 9.399809072289062500e+09 9.523898438166154623e+08 2.523114346105194092e+07 2.074883205825614929e+07 9.580404615984352306e+06
4.602101934237648462e-01 1.969859552672905731e+10 8.895534777421937943e+09 8.364068147006784678e+08 2.482112971722793579e+07 2.008232490292930603e+07 8.994806781174814329e+06
4.646035980639533491e-01 1.907405264308789444e+10 8.354232815757517815e+09 7.281689968051902056e+08 2.436680921178436279e+07 1.937750321415233612e+07 8.422669679704817012e+06
4.689970027982493517e-01 1.839826074036840820e+10 7.793115268234887123e+09 6.306129009648941755e+08 2.387659191797637939e+07 1.864675967931079865e+07 7.877087481883877888e+06
4.733904076240327830e-01 1.770478748431237793e+10 7.247674143369812965e+09 5.451076579636723995e+08 2.337135909085083008e+07 1.792818025878334045e+07 7.368020231897884049e+06
4.777838125387799950e-01 1.700559981682012558e+10 6.719631403047552109e+09 4.718348768814934492e+08 2.285813004924964905e+07 1.721846453166198730e+07 6.902220485553651117e+06
4.821772175400589888e-01 1.631912039285943794e+10 6.207895230770123482e+09 4.101813160361053944e+08 2.235009602589607239e+07 1.651290375605773926e+07 6.483590241402064450e+06
4.865706226255259725e-01 1.564046767248446465e+10 5.740171041316593170e+09 3.590783429633904099e+08 2.184416513049697876e+07 1.584891149772930145e+07 6.113750520373922773e+06
4.909640277929210872e-01 1.498526822007325935e+10 5.322988414425535202e+09 3.172601823541764617e+08 2.135305330403709412e+07 1.523879031336116791e+07 5.792618051376931369e+06
4.953574330400644099e-01 1.437302454541421127e+10 4.938790378180815697e+09 2.834395100638673902e+08 2.089278428160667419e+07 1.465998848668766022e+07 5.518884872434244491e+06
4.997508383648525121e-01 1.379672271151090431e+10 4.591192732345280647e+09 2.564132391943172514e+08 2.045949942858886719e+07 1.412132507130908966e+07 5.290380854548236355e+06
5.041442437652555730e-01 1.327102060636008072e+10 4.293896598868790627e+09 2.351162414954153299e+08 2.006541633587837219e+07 1.364838836636447906e+07 5.104337865722408518e+06
5.085376492393141046e-01 1.280321893173325539e+10 4.041315594787712574e+09 2.186400041402688026e+08 1.971680098938560486e+07 1.323732512916469574e+07 4.957581411708903499e+06
5.129310547851352320e-01 1.238604743043093872e+10 3.825775230211413383e+09 2.062299362616751790e+08 1.940861266033744812e+07 1.287954102158975601e+07 4.846671035469352268e+06
5.173244604008906400e-01 1.201843514310526276e+10 3.645850025996814728e+09 1.972712019656668603e+08 1.914008773411941528e+07 1.257564246622371674e+07 4.768005884103227407e+06
5.217178660848138527e-01 1.170482051515342903e+10 3.504032975394093990e+09 1.912695779610612392e+08 1.891403959634590149e+07 1.233229180372714996e+07 4.717909606676682830e+06
5.261112718351969031e-01 1.144876914152714348e+10 3.395743036742624760e+09 1.878312666417689025e+08 1.873205120050239563e+07 1.214334128572988510e+07 4.692707957144798711e+06
5.305046776503886674e-01 1.124300529450586319e+10 3.315456538274269104e+09 1.866438331761574447e+08 1.858763349568557739e+07 1.200002282864332199e+07 4.688811094662250951e+06
5.348980835287924229e-01 1.108550338008184814e+10 3.263751834564332008e+09 1.874593215855534375e+08 1.847779780500030518e+07 1.190355128933191299e+07 4.702809103299213573e+06
5.392914894688630723e-01 1.097957303220558548e+10 3.238632577310427666e+09 1.900799512175697982e+08 1.840308816323280334e+07 1.185032944246292114e+07 4.731583128363524564e+06
5.436848954691058111e-01 1.091835202502253342e+10 3.237999158347380161e+09 1.943464347286993861e+08 1.835687537521362305e+07 1.183611540488195419e+07 4.772426162054753862e+06
5.480783015280736858e-01 1.089926548382322121e+10 3.260600142215535641e+09 2.001287649535475969e+08 1.833540365201377869e+07 1.185797440224456787e+07 4.823158299619871192e+06
5.524717076443657060e-01 1.092142447761035728e+10 3.305012348916159630e+09 2.073192052078774571e+08 1.833652879753684998e+07 1.191308667386770248e+07 4.882213517512951046e+06
5.568651138166249570e-01 1.098061675067584801e+10 3.369490291047318459e+09 2.158271355210608840e+08 1.835619307160949707e+07 1.199818430775260925e+07 4.948671548791648820e+06
5.612585200435372679e-01 1.107270351591780281e+10 3.452590306495795250e+09 2.255753339229993522e+08 1.839088969207763672e+07 1.211071930388307571e+07 5.022211938023094088e+06
5.656519263238292128e-01 1.119485178474596405e+10 3.554116750463431835e+09 2.364972052527709007e+08 1.843815438348579407e+07 1.225019972432136536e+07 5.102979264635525644e+06
5.700453326562665568e-01 1.134029457592066956e+10 3.671570569372426033e+09 2.485344199597274959e+08 1.849454309069442749e+07 1.241322176626825333e+07 5.191367735553467646e+06
5.744387390396529236e-01 1.150697643353784561e+10 3.801453813499795437e+09 2.616344065162613094e+08 1.855896491436576843e+07 1.259506072713804245e+07 5.287755526468979195e+06
5.788321454728281301e-01 1.169515982703000069e+10 3.946385515585827351e+09 2.757471661247978806e+08 1.863167251169967651e+07 1.279953718207168579e+07 5.392237382946294732e+06
5.832255519546671874e-01 1.189313074518310928e+10 4.104191823505151272e+09 2.908209551405464411e+08 1.870863974029731750e+07 1.302359049475049973e+07 5.504410739491502754e+06
5.876189584840783020e-01 1.209436482532707024e+10 4.266408930195601940e+09 3.067965110898591876e+08 1.878798423422431946e+07 1.325477404579305649e+07 5.623261754868356511e+06
5.920123650600025433e-01 1.229707479389261246e+10 4.432210943182349205e+09 3.235996804798550010e+08 1.886963391555976868e+07 1.349101016302013397e+07 5.747174682398553938e+06
5.964057716814119559e-01 1.249476720309210968e+10 4.602211474206856728e+09 3.411325374087803960e+08 1.895146417368888855e+07 1.373185368783664703e+07 5.874057831780791283e+06
6.007991783473088931e-01 1.268356781639720345e+10 4.772221162484685898e+09 3.592633574897817969e+08 1.903204885181808472e+07 1.396964394376945496e+07 6.001551166285539046e+06
6.051925850567241305e-01 1.285669893475804520e+10 4.935083499996135712e+09 3.778161256235107780e+08 1.910826987362670898e+07 1.419264308766460419e+07 6.127261630314674228e+06
6.095859918087171980e-01 1.301082779411206245e+10 5.087879303312788010e+09 3.965605948780379295e+08 1.917804988527297974e+07 1.439553540672969818e+07 6.248966096664831042e+06
6.139793986023736050e-01 1.313957723640464211e+10 5.230034687139487267e+09 4.152042477623260021e+08 1.923752396353340149e+07 1.457662113326549530e+07 6.364728795777543448e+06
6.183728054368057281e-01 1.323785688739858055e+10 5.356600161116468430e+09 4.333877882259384394e+08 1.928314607227897644e+07 1.472940463800907135e+07 6.472899569887642749e+06
6.227662123111505910e-01 1.330522681594313049e+10 5.462615183994461060e+09 4.506859347389330268e+08 1.931351462290000916e+07 1.484890452215671539e+07 6.571990117526395246e+06
6.271596192245689760e-01 1.333843107205378342e+10 5.545630772715209961e+09 4.666151945405157208e+08 1.932603781676483154e+07 1.493467763684844971e+07 6.660464069172650576e+06
6.315530261762458686e-01 1.333527249054154015e+10 5.604633362589743614e+09 4.806498800186392069e+08 1.931901446206474304e+07 1.498833192467975616e+07 6.736514555418246426e+06
6.359464331653883473e-01 1.329583105168243217e+10 5.636977928587967873e+09 4.922468174671294689e+08 1.929232047879219055e+07 1.501046674440193176e+07 6.797925349009284750e+06
6.403398401912250293e-01 1.321887201657805634e+10 5.640885029860701561e+09 5.008780083415617347e+08 1.924524896743202209e+07 1.500278545337200165e+07 6.842103037778456695e+06
6.447332472530058478e-01 1.310455433740214920e+10 5.617237564589350700e+09 5.060690560885350108e+08 1.917833569078063965e+07 1.496873376360893250e+07 6.866320851420625113e+06
6.491266543500011643e-01 1.295797160852581215e+10 5.565974950235258102e+09 5.074397120941601396e+08 1.909497924612808228e+07 1.490948803720855713e+07 6.868139744500127621e+06
6.535200614815005471e-01 1.278087468111879539e+10 5.488116459904154778e+09 5.047417592628362775e+08 1.899648012317466736e+07 1.482611139287662506e+07 6.845896601941154338e+06
6.579134686468129933e-01 1.257144622408057213e+10 5.387026003009777069e+09 4.978889940681729913e+08 1.888200425387763977e+07 1.472068523080348969e+07 6.799106896462513134e+06
6.623068758452654858e-01 1.233563424715190125e+10 5.263140838225069046e+09 4.869745467365283370e+08 1.875462224426078796e+07 1.459111973099994659e+07 6.728643265539572574e+06
6.667002830762026599e-01 1.208271147365331841e+10 5.117393508367851257e+09 4.722722517413636446e+08 1.861869473268508911e+07 1.443518532440090179e+07 6.636622230982640758e+06
6.710936903389870256e-01 1.180773712912120628e+10 4.957247991796463966e+09 4.542210417837206721e+08 1.847055028103446960e+07 1.425763886778259277e+07 6.526032818398467265e+06
6.754870976329966359e-01 1.151544257974088287e+10 4.788158906262412071e+09 4.333939433273500204e+08 1.831142699894905090e+07 1.406223061998271942e+07 6.400231406772303395e+06
6.798805049576266413e-01 1.121977552806196785e+10 4.608825352658053398e+09 4.104556285124512315e+08 1.814758244300460815e+07 1.384587859601497650e+07 6.262467543093086220e+06
6.842739123122869582e-01 1.091652920669630432e+10 4.421980524394494057e+09 3.861140946595246196e+08 1.797551320960044861e+07 1.361113238431930542e+07 6.115578543623428792e+06
6.886673196964029353e-01 1.060267719850605583e+10 4.233413034914145947e+09 3.610725666153512001e+08 1.779234775790786743e+07 1.336558867659616470e+07 5.961911544342914596e+06
6.930607271094143540e-01 1.028837852089239502e+10 4.045002912865843296e+09 3.359871093638536334e+08 1.760329004570198059e+07 1.311317986706161499e+07 5.803440061197201721e+06
6.974541345507753176e-01 9.982296706686811447e+09 3.858171432387328148e+09 3.114339424456425309e+08 1.741368398278236389e+07 1.285767240518474579e+07 5.641979927345242351e+06
7.018475420199532522e-01 9.678440079909454346e+09 3.675249896206102371e+09 2.878884913632177711e+08 1.722044383904838562e+07 1.260436663912582397e+07 5.479397635026259348e+06
7.062409495164292395e-01 9.378529098845766068e+09 3.500844617471941471e+09 2.657162616880370975e+08 1.702562597429466248e+07 1.236165200136756897e+07 5.317735286046375521e+06
7.106343570396966847e-01 9.088700786187252045e+09 3.335246890556951523e+09 2.451740546359585524e+08 1.683463163824462891e+07 1.213148205311679840e+07 5.159225694827173837e+06
7.150277645892620937e-01 8.808915242809659958e+09 3.177146227205671310e+09 2.264190653379051089e+08 1.664913859926414490e+07 1.191294842393255234e+07 5.006213927165746689e+06
7.194211721646432967e-01 8.535826673168693542e+09 3.028118765510550499e+09 2.095230449176751077e+08 1.646863163236236572e+07 1.170852918701839447e+07 4.861024539536629803e+06
7.238145797653705582e-01 8.274060615509130478e+09 2.889458758179942608e+09 1.944888565684093833e+08 1.629773939176559448e+07 1.151969525714874268e+07 4.725816629094197415e+06
7.282079873909848011e-01 8.028620602757863998e+09 2.759202842364169121e+09 1.812672360794011056e+08 1.614089068971157074e+07 1.134308038618040085e+07 4.602458586463812739e+06
7.326013950410386055e-01 7.791512943450611115e+09 2.636885999536517620e+09 1.697721940997464061e+08 1.599369408526420593e+07 1.117713742561817169e+07 4.492439596477441490e+06
7.369948027150948766e-01 7.562744899953780174e+09 2.524499666613664627e+09 1.598941224190785587e+08 1.585660775285911560e+07 1.102362177375793457e+07 4.396821592716533691e+06
7.413882104127266226e-01 7.347069562129193306e+09 2.421860346885296822e+09 1.515101957004532516e+08 1.573226165371036530e+07 1.088158672174358368e+07 4.316226441447827965e+06
7.457816181335175099e-01 7.143282126921774864e+09 2.327398151753314018e+09 1.444920522134488225e+08 1.561916024521064758e+07 1.074848187954664230e+07 4.250848961823851801e+06
7.501750258770604196e-01 6.945940444611248016e+09 2.238944122002075672e+09 1.387109909301536977e+08 1.551327872775077820e+07 1.062121018396377563e+07 4.200485946639361791e+06
7.545684336429581140e-01 6.757847353258691788e+09 2.157485994468942165e+09 1.340410603122803420e+08 1.541487633059406281e+07 1.050152147486162186e+07 4.164573173816916533e+06
7.589618414308221261e-01 6.580787551122350693e+09 2.083509937784940243e+09 1.303604682625300586e+08 1.532344220355319977e+07 1.039092580339193344e+07 4.142225182246941142e+06
7.633552492402736478e-01 6.410577587656675339e+09 2.013769904368362188e+09 1.275517445352286994e+08 1.523543270781803131e+07 1.028550034397363663e+07 4.132275376366101671e+06
7.677486570709416425e-01 6.247233750714043617e+09 1.947382835200387478e+09 1.255010618947074860e+08 1.514966392098712921e+07 1.018487522467207909e+07 4.133316244626559317e+06
7.721420649224639554e-01 6.091177637192024231e+09 1.885746879043787956e+09 1.240970876042772979e+08 1.506544743895721436e+07 1.009208307363629341e+07 4.143740841921455692e+06
7.765354727944868696e-01 5.940632845136404991e+09 1.828135618181070566e+09 1.232297012923299372e+08 1.498126721791362762e+07 1.000667187664484978e+07 4.161787123529717792e+06
7.809288806866645505e-01 5.794407992589819908e+09 1.772654230854902744e+09 1.227888805960484594e+08 1.489620832425212860e+07 9.926139061101436615e+06 4.185586314756752923e+06
7.853222885986580470e-01 5.653573197154150963e+09 1.719342351599705935e+09 1.226640187383393198e+08 1.481103401862049103e+07 9.850473645514726639e+06 4.213215476878528483e+06
7.897156965301371789e-01 5.518163016029261589e+09 1.668394829640643597e+09 1.227438918678199947e+08 1.472624663370323181e+07 9.779412121589422226e+06 4.242753114504367113e+06
7.941091044807787602e-01 5.385635449162335396e+09 1.619026158136409998e+09 1.229174317223868072e+08 1.464091549283218384e+07 9.710959890406847000e+06 4.272335451604104601e+06
7.985025124502659333e-01 5.254731946932467461e+09 1.570705671172514677e+09 1.230753763845148236e+08 1.455489724081134796e+07 9.643254711476564407e+06 4.300210242099379189e+06
8.028959204382895010e-01 5.127199739371589661e+09 1.523029330516372442e+09 1.231127688190092295e+08 1.447005580842208862e+07 9.574444356207370758e+06 4.324784892157103866e+06
8.072893284445469275e-01 5.003013716901023865e+09 1.476226381295664787e+09 1.229321562946406901e+08 1.438699979751396179e+07 9.503618426445007324e+06 4.344666233045558445e+06
8.116827364687420054e-01 4.880320149801129341e+09 1.430526696458285570e+09 1.224472272632288635e+08 1.430490888760185242e+07 9.430109901662826538e+06 4.358690229362870567e+06
8.160761445105851886e-01 4.760013635039912224e+09 1.385036387272900343e+09 1.215865245590969175e+08 1.422454481052684784e+07 9.351692096603631973e+06 4.365940847015605308e+06
8.204695525697929259e-01 4.641683694353477478e+09 1.339962880636216164e+09 1.202968150931775272e+08 1.414551733737182617e+07 9.268163439968824387e+06 4.365757935171123594e+06
8.248629606460877728e-01 4.526016404614753723e+09 1.295879076571398258e+09 1.185456932228248715e+08 1.406790744233036041e+07 9.180516984887123108e+06 4.357734277877280489e+06
8.292563687391981686e-01 4.411318535782371521e+09 1.252608200685393333e+09 1.163230556777293235e+08 1.398995681193923950e+07 9.088738017837047577e+06 4.341702239752679132e+06
8.336497768488581039e-01 4.297652963078213692e+09 1.209773104282047749e+09 1.136412060957644284e+08 1.391090175355529785e+07 8.992477936736822128e+06 4.317711079355321825e+06
8.380431849748073425e-01 4.186762661710726261e+09 1.167715800290351629e+09 1.105335098789291829e+08 1.383106613443136215e+07 8.893107650193691254e+06 4.285997224094026722e+06
8.424365931167911992e-01 4.077629412652015686e+09 1.126620637617299318e+09 1.070516983560882956e+08 1.374887191349363327e+07 8.791810416529178619e+06 4.246951305345905013e+06
8.468300012745599847e-01 3.970403088444631100e+09 1.086483138136382341e+09 1.032620843092537075e+08 1.366361619616889954e+07 8.689315503952980042e+06 4.201086820863055997e+06
8.512234094478692281e-01 3.866296743708052635e+09 1.047099309881660342e+09 9.924107111217299104e+07 1.357569728619527817e+07 8.585706246299862862e+06 4.149015144798326772e+06
8.556168176364796762e-01 3.764706954943611145e+09 1.009145012230116725e+09 9.507039683130374551e+07 1.348430972597217560e+07 8.483280302456617355e+06 4.091429903204152361e+06
8.600102258401567390e-01 3.663809277647973061e+09 9.729589598309830427e+08 9.083254749357932806e+07 1.338754308364868164e+07 8.383395698726654053e+06 4.029100865332210436e+06
8.644036340586707112e-01 3.565630524727585316e+09 9.379292754388947487e+08 8.660670828178988397e+07 1.328737215814065933e+07 8.284617177537202835e+06 3.962874469022007659e+06
8.687970422917964397e-01 3.470970921589771271e+09 9.039827734069533348e+08 8.246551549800257385e+07 1.318510281460857391e+07 8.186825100616335869e+06 3.893676033377797808e+06
8.731904505393137672e-01 3.378594904846938610e+09 8.716665179824074507e+08 7.847274827036871016e+07 1.308012490695524216e+07 8.091628327380895615e+06 3.822508335314247292e+06
8.775838588010059782e-01 3.289107591706297398e+09 8.408903444338274002e+08 7.468197896571770310e+07 1.297396382451152802e+07 7.998836026909828186e+06 3.750442552967390977e+06
8.819772670766614642e-01 3.203158464209625721e+09 8.113036684735180140e+08 7.113610191024149954e+07 1.286843005320835114e+07 7.907418768170118332e+06 3.678599992611682042e+06
8.863706753660727244e-01 3.120585572336361408e+09 7.831212186616288424e+08 6.786759095301991701e+07 1.276447768492364883e+07 7.818138577085494995e+06 3.608125618610923644e+06
8.907640836690359221e-01 3.039869732594716549e+09 7.565477488134654760e+08 6.489929995504740626e+07 1.266123814471626282e+07 7.731835021112322807e+06 3.540156409003468696e+06
8.951574919853518830e-01 2.961942445063230515e+09 7.315861097106064558e+08 6.224561298184873909e+07 1.256092836902236938e+07 7.648854298861265182e+06 3.475788532730517909e+06
8.995509003148248750e-01 2.888968105046340942e+09 7.078082536282197237e+08 5.991376579459148645e+07 1.246725975400638580e+07 7.568086362310528755e+06 3.416047260028276592e+06
9.039443086572628294e-01 2.818583963399638653e+09 6.851591137112820148e+08 5.790518891990839690e+07 1.237794374264717102e+07 7.489686808653831482e+06 3.361862635444035288e+06
9.083377170124778965e-01 2.750798655937106133e+09 6.642030987557642460e+08 5.621675745510884374e+07 1.229356307983207703e+07 7.415983598057031631e+06 3.314052639899206813e+06
9.127311253802853352e-01 2.686518261696923256e+09 6.445337234203853607e+08 5.484186786850303411e+07 1.221560969384574890e+07 7.345907978004574776e+06 3.273314190289423801e+06
9.171245337605042902e-01 2.625804398515095234e+09 6.257667722937750816e+08 5.377129353477273881e+07 1.214421647113370895e+07 7.278338367046594620e+06 3.240221104135966860e+06
9.215179421529573478e-01 2.567489916308574200e+09 6.082245433155716658e+08 5.299379678632653505e+07 1.207797114269685745e+07 7.214600349172592163e+06 3.215227195769911166e+06
9.259113505574702030e-01 2.511711640708247185e+09 5.920025431586587429e+08 5.249649566797672957e+07 1.201680359449338913e+07 7.155142281440138817e+06 3.198671974069940392e+06
9.303047589738722145e-01 2.459498691127272606e+09 5.768422609486672878e+08 5.226499922909302264e+07 1.196145764179325104e+07 7.099029470693469048e+06 3.190785942515264731e+06
9.346981674019954056e-01 2.410097638813265324e+09 5.625977974329253435e+08 5.228333751235490292e+07 1.191058505625009537e+07 7.045660019906044006e+06 3.191692240799787920e+06
9.390915758416754633e-01 2.363079645671485424e+09 5.494458888059793711e+08 5.253372289847772568e+07 1.186321733038377762e+07 6.995604238742589951e+06 3.201401360338432714e+06
9.434849842927508501e-01 2.318643913007035255e+09 5.373651161203681231e+08 5.299618935119187087e+07 1.181900113630628586e+07 6.948723084547877312e+06 3.219796052864154335e+06
9.478783927550632482e-01 2.277263773205157757e+09 5.262551156597767472e+08 5.364816597259701788e+07 1.177788019207286835e+07 6.904613325502932072e+06 3.246604546145473141e+06
9.522718012284571154e-01 2.237716545246116638e+09 5.160047310460144877e+08 5.446405092972384393e+07 1.173817928143167496e+07 6.862882627355098724e+06 3.281362003793635871e+06
9.566652097127796850e-01 2.200159235866044998e+09 5.066276793412717581e+08 5.541486014357089251e+07 1.169967961119365692e+07 6.823740732350111008e+06 3.323362914014578331e+06
9.610586182078810769e-01 2.165078499054618835e+09 4.982319252978191972e+08 5.646803019994284958e+07 1.166261903726768494e+07 6.787937972526788712e+06 3.371610581563254818e+06
9.654520267136141864e-01 2.132373837045431614e+09 4.906320333342287540e+08 5.758745420155557990e+07 1.162680804367470741e+07 6.755096069484233856e+06 3.424773542511888780e+06
9.698454352298346848e-01 2.101244155991842508e+09 4.838064205278306603e+08 5.873382007298503816e+07 1.159134769205856323e+07 6.725626378151714802e+06 3.481161542068949901e+06
9.742388437564003523e-01 2.071586060091658592e+09 4.778137885558830500e+08 5.986530107156465948e+07 1.155618979861783981e+07 6.700358671920120716e+06 3.538734540275513660e+06
9.786322522931719670e-01 2.043986115601149797e+09 4.725694707969480753e+08 6.093861724959090352e+07 1.152222319557237625e+07 6.679533122895240784e+06 3.595156058605100960e+06
9.830256608400128604e-01 2.017628718458685398e+09 4.680178427546889782e+08 6.191044578131544590e+07 1.148871309143185616e+07 6.663502757122516632e+06 3.647896696237768978e+06
9.874190693967886956e-01 1.992592423494565248e+09 4.641723354366829991e+08 6.273911139249558747e+07 1.145605774565219879e+07 6.652819529995322227e+06 3.694385385962901171e+06
9.918124779633670229e-01 1.969214938256440878e+09 4.609901748450880051e+08 6.338644197075959295e+07 1.142503447208976746e+07 6.647612589438617229e+06 3.732196393737002742e+06
9.962058865396186125e-01 1.947114662785576820e+09 4.583966125095669031e+08 6.381963669277586043e+07 1.139547649507212639e+07 6.647884468893229961e+06 3.759251252463889774e+06
1.000599295125415678e+00 1.925849078370456696e+09 4.563413310539272428e+08 6.401297256348218769e+07 1.136708525733923912e+07 6.653551268361926079e+06 3.774008888580184430e+06
1.004992703720633429e+00 1.905409958417563200e+09 4.548106428153591156e+08 6.394917613217277080e+07 1.134010567025256157e+07 6.664257196649134159e+06 3.775615793520623818e+06
1.009386112325148410e+00 1.886247686877167702e+09 4.537530419656541944e+08 6.362031270391911268e+07 1.131531350108385086e+07 6.679193163609802723e+06 3.763991943378854077e+06
1.013779520938840051e+00 1.867758544764423132e+09 4.530923390690966249e+08 6.302809332889822870e+07 1.129203994803118706e+07 6.697909406864941120e+06 3.739836890592440031e+06
1.018172929561589335e+00 1.849660470196528435e+09 4.527757832156278491e+08 6.218356336693299562e+07 1.126999380195713043e+07 6.719484617953717709e+06 3.704552579182439949e+06
1.022566338193279911e+00 1.832327939242136955e+09 4.527456137697429061e+08 6.110620536146078259e+07 1.124962682550883293e+07 6.742468245465993881e+06 3.660092714710344560e+06
1.026959746833796538e+00 1.815528171668367386e+09 4.529294702336121202e+08 5.982255206669192761e+07 1.123057158325600624e+07 6.766212336008131504e+06 3.608760348395992536e+06
1.031353155483026640e+00 1.798989011594603777e+09 4.532656614229222536e+08 5.836445290941502154e+07 1.121240339036893845e+07 6.790115723860561848e+06 3.552983293288714252e+06
1.035746564140859638e+00 1.782643669179609537e+09 4.536844878905971646e+08 5.676716251109021157e+07 1.119490225397348404e+07 6.813142096980810165e+06 3.495099369410456624e+06
1.040139972807185842e+00 1.766538647101569653e+09 4.541109500990281701e+08 5.506742129050272703e+07 1.117794310293436050e+07 6.834454127345800400e+06 3.437179723519120365e+06
1.044533381481898893e+00 1.750584435776013613e+09 4.544740452339601517e+08 5.330167820587653667e+07 1.116124728310799599e+07 6.853637860453546047e+06 3.380909451143013313e+06
1.048926790164892653e+00 1.734605127504873037e+09 4.547040797783590555e+08 5.150457033144731820e+07 1.114445462160015106e+07 6.870518233370006084e+06 3.327532665887071751e+06
1.053320198856064094e+00 1.718584541233340740e+09 4.547271403624563813e+08 4.970773079538566619e+07 1.112738589803218842e+07 6.884925227203309536e+06 3.277857025329665281e+06
1.057713607555310853e+00 1.702515552926363707e+09 4.544775983924821019e+08 4.793895311594193429e+07 1.110989885749983788e+07 6.896662106568396091e+06 3.232303439589252695e+06
1.062107016262533010e+00 1.686116092791519880e+09 4.538941076969349980e+08 4.622170215424119681e+07 1.109156664526414871e+07 6.905941570462465286e+06 3.190982098663600162e+06
1.066500424977631756e+00 1.669219368641409636e+09 4.528969258159393668e+08 4.457493349599324912e+07 1.107209603535246849e+07 6.913022583243787289e+06 3.153776294063032139e+06
1.070893833700510500e+00 1.652052560281083584e+09 4.514347727551630139e+08 4.301316548305206001e+07 1.105166797613215446e+07 6.917777535869598389e+06 3.120419560776615515e+06
1.075287242431073542e+00 1.634559152074823856e+09 4.494630972888411880e+08 4.154674076619811356e+07 1.103016948305463791e+07 6.920156302038669586e+06 3.090557465147128329e+06
1.079680651169227401e+00 1.616431986728089333e+09 4.469459135108885169e+08 4.018221527281992137e+07 1.100717740961885452e+07 6.920050657992124557e+06 3.063791042946713511e+06
1.084074059914879484e+00 1.597662339552398443e+09 4.438064887543776631e+08 3.892281938649766147e+07 1.098262818906664848e+07 6.917143598628640175e+06 3.039703233265576418e+06
1.088467468667939198e+00 1.578449554716099739e+09 4.400047715613811016e+08 3.776894639488756657e+07 1.095675666265463829e+07 6.910985782768487930e+06 3.017872224341472611e+06
1.092860877428316835e+00 1.558529146285149574e+09 4.355822652807429433e+08 3.671863471685318649e+07 1.092917387692308426e+07 6.901200539389431477e+06 2.997876589966026600e+06
1.097254286195925133e+00 1.537749572855694532e+09 4.304821257969409227e+08 3.576802144381327927e+07 1.089962643323993683e+07 6.887206140453577042e+06 2.979296903430065606e+06
1.101647694970677493e+00 1.516336453928678274e+09 4.246305240510321259e+08 3.491175429264693707e+07 1.086838681629610062e+07 6.868259289616346359e+06 2.961717662132476922e+06
1.106041103752487986e+00 1.494347921343426704e+09 4.181192250073839426e+08 3.414335663698051125e+07 1.083551290538787842e+07 6.844183029377639294e+06 2.944732225149322301e+06
1.110434512541273566e+00 1.471629436917698622e+09 4.109698335016764402e+08 3.345554572674891353e+07 1.080073195505976677e+07 6.814716533476531506e+06 2.927952296957320999e+06
1.114827921336951633e+00 1.447930939573055983e+09 4.031086065894991755e+08 3.284050765486962721e+07 1.076359331020069122e+07 6.779265252730846405e+06 2.911022396385127213e+06
1.119221330139440695e+00 1.423772538568005085e+09 3.945572985710297823e+08 3.229013437191805243e+07 1.072485737726688385e+07 6.737678024968981743e+06 2.893638764650013298e+06
1.123614738948661262e+00 1.398962814691084862e+09 3.854493921280864477e+08 3.179622844652875140e+07 1.068415664037823677e+07 6.690477387397110462e+06 2.875571289539834019e+06
1.128008147764534730e+00 1.373122170108971596e+09 3.758369151747300625e+08 3.135068070367219672e+07 1.064077807368874550e+07 6.637921860984206200e+06 2.856686256637822837e+06
1.132401556586983382e+00 1.346849051835702419e+09 3.656990034980182648e+08 3.094562470696826652e+07 1.059561988681006432e+07 6.579856150762200356e+06 2.836967106862606946e+06
1.136794965415931058e+00 1.320403320603885174e+09 3.551081930080512166e+08 3.057357061689127237e+07 1.054905990677785873e+07 6.516638936106503010e+06 2.816529942002068739e+06
1.141188374251302928e+00 1.293310096643755198e+09 3.441678858873987794e+08 3.022751952921977267e+07 1.050015342497944832e+07 6.448785307388663292e+06 2.795630367651825305e+06
1.145581783093024608e+00 1.265555992255135536e+09 3.328414286900705695e+08 2.990105820343485475e+07 1.044871864102315903e+07 6.375917137247979641e+06 2.774658512815351598e+06
1.149975191941023489e+00 1.237542381777732134e+09 3.212132417380691171e+08 2.958843327850833908e+07 1.039533863362765312e+07 6.298317233526349068e+06 2.754119833451381419e+06
1.154368600795228517e+00 1.209378353152334213e+09 3.094464587672690749e+08 2.928460373283994943e+07 1.034008086906218529e+07 6.216809799548208714e+06 2.734600673748064786e+06
1.158762009655568193e+00 1.180964566290174961e+09 2.976618855306234956e+08 2.898527048440371081e+07 1.028259123962569237e+07 6.131992563702881336e+06 2.716719510520881973e+06
1.163155418521973239e+00 1.152586600831183434e+09 2.859210825716000199e+08 2.868688259736303613e+07 1.022329537551188469e+07 6.044111416049957275e+06 2.701067176003238652e+06
1.167548827394375710e+00 1.124598304977244616e+09 2.741162200928193331e+08 2.838662045172465220e+07 1.016284176256179810e+07 5.952112560001969337e+06 2.688141777151627000e+06
1.171942236272707438e+00 1.096340320699601650e+09 2.625202259031224847e+08 2.808235730430554971e+07 1.009967764183259010e+07 5.857987860038042068e+06 2.678285961948214564e+06
1.176335645156902698e+00 1.067836191180390954e+09 2.513191801530397236e+08 2.777260176467116550e+07 1.003367454709708691e+07 5.763347876906096935e+06 2.671635018996738363e+06
1.180729054046895321e+00 1.039929558011317730e+09 2.402501215301607251e+08 2.745642468336192146e+07 9.966714267784953117e+06 5.666105662761420012e+06 2.668083581013812684e+06
1.185122462942621580e+00 1.012712831026257992e+09 2.293682742202334702e+08 2.713337468474473059e+07 9.899074895167708397e+06 5.566866081128388643e+06 2.667276363353454508e+06
1.189515871844017303e+00 9.857753906470763683e+08 2.189423252823677957e+08 2.680338699509539083e+07 9.829798307776451111e+06 5.468396212431967258e+06 2.668624834869899321e+06
1.193909280751020319e+00 9.593013961637420654e+08 2.090390204806034565e+08 2.646669029248330370e+07 9.759408778489828110e+06 5.371887625881642103e+06 2.671347827117253561e+06
1.198302689663568676e+00 9.336429257427116632e+08 1.995200024683454037e+08 2.612371604885455221e+07 9.689006564996004105e+06 5.276545940165638924e+06 2.674530783256051131e+06
1.202696098581601758e+00 9.085955959412685633e+08 1.904763155664636493e+08 2.577501430335099995e+07 9.618226896339058876e+06 5.183867324149280787e+06 2.677196328961493447e+06
1.207089507505059389e+00 8.839842961045701504e+08 1.820333872268036306e+08 2.542117906862363964e+07 9.546765904337644577e+06 5.095779708381563425e+06 2.678378342044576537e+06
1.211482916433882950e+00 8.602557409041177034e+08 1.741627708182388246e+08 2.506278571547881141e+07 9.476165736764669418e+06 5.012642061535477638e+06 2.677192468643494882e+06
1.215876325368014266e+00 8.375235308792802095e+08 1.667620831826194227e+08 2.470034178661867604e+07 9.407079701167225838e+06 4.933953128506422043e+06 2.672897567962187342e+06
1.220269734307395604e+00 8.155805162222762108e+08 1.598648023179327250e+08 2.433425182622570172e+07 9.339195958463072777e+06 4.860597332813680172e+06 2.664944315202292055e+06
1.224663143251970787e+00 7.944039385730842352e+08 1.535313041660334468e+08 2.396479603303012624e+07 9.272737399137973785e+06 4.793685399031132460e+06 2.653008746272315271e+06
1.229056552201684305e+00 7.742293561027064323e+08 1.477341752032884955e+08 2.359212188407532126e+07 9.208751290693044662e+06 4.733309426008969545e+06 2.637009692296090070e+06
1.233449961156480645e+00 7.549516153837785721e+08 1.424519773248574138e+08 2.321624735193012655e+07 9.147195784923672676e+06 4.679530680655896664e+06 2.617109823167645838e+06
1.237843370116306518e+00 7.364118912770372629e+08 1.376554189472181201e+08 2.283707395404389128e+07 9.087829246096730232e+06 4.632267454633384943e+06 2.593700523821181152e+06
1.242236779081107301e+00 7.187207856868877411e+08 1.333587880502769351e+08 2.245440762319564447e+07 9.031245349849224091e+06 4.591738137366294861e+06 2.567371255054355599e+06
1.246630188050832144e+00 7.020902638395608664e+08 1.295224042645359486e+08 2.206798526124216616e+07 8.978323990080833435e+06 4.557575096249088645e+06 2.538864598233149853e+06
1.251023597025427314e+00 6.863794317932437658e+08 1.260716665405947119e+08 2.167750482089057937e+07 8.928775358251333237e+06 4.529037644574940205e+06 2.509019002825089730e+06
1.255417006004843072e+00 6.713358946821509600e+08 1.230250029865777940e+08 2.128265683772579581e+07 8.881931106794238091e+06 4.506167889472246170e+06 2.478702406908680219e+06
1.259810414989028349e+00 6.571450245715900660e+08 1.203611753201958984e+08 2.088315549384105951e+07 8.838457864167332649e+06 4.488515755690291524e+06 2.448741300796515774e+06
1.264203823977933627e+00 6.436913848652633429e+08 1.180241667444534600e+08 2.047876752144638449e+07 8.798044967544555664e+06 4.475394596726194024e+06 2.419851196834243368e+06
1.268597232971509614e+00 6.308904020621761084e+08 1.159778326404071897e+08 2.006933753622935340e+07 8.760452303571462631e+06 4.466218677962213755e+06 2.392575439495197032e+06
1.272990641969708570e+00 6.188735618599700928e+08 1.142192280838370025e+08 1.965480871331207082e+07 8.726034223767757416e+06 4.460511548305854201e+06 2.367239367850888520e+06
1.277384050972481644e+00 6.076632890100640059e+08 1.126928954792576432e+08 1.923523806574121118e+07 8.694762792419075966e+06 4.457523858215063810e+06 2.343925674265058711e+06
1.281777459979782874e+00 5.969502444795471430e+08 1.113451590639763772e+08 1.881080594180931151e+07 8.665679220416307449e+06 4.456602983759850264e+06 2.322474354462848511e+06
1.286170868991565408e+00 5.866665717977538109e+08 1.101502723192798197e+08 1.838181970411140099e+07 8.638506751643538475e+06 4.457146073545247316e+06 2.302507305212183390e+06
1.290564278007783727e+00 5.769819688122700453e+08 1.090853836081573218e+08 1.794871187320130318e+07 8.613565541114807129e+06 4.458506337399855256e+06 2.283474132769764401e+06
1.294957687028392312e+00 5.678119240218268633e+08 1.081013379149604887e+08 1.751203329477621615e+07 8.590477790627241135e+06 4.460088385012567043e+06 2.264712914717173669e+06
1.299351096053347199e+00 5.589629484875988960e+08 1.071413007687014788e+08 1.707244210896671191e+07 8.568605375628948212e+06 4.461362608283340931e+06 2.245518115091843996e+06
1.303744505082603755e+00 5.504743828738147020e+08 1.061774436111308634e+08 1.663068945305137150e+07 8.547893029084682465e+06 4.461776614864870906e+06 2.225207770140902605e+06
1.308137914116119127e+00 5.424249962913913727e+08 1.051824211653784662e+08 1.618760291020441800e+07 8.528375452367782593e+06 4.460836447228148580e+06 2.203183200796789955e+06
1.312531323153850016e+00 5.345562674151817560e+08 1.041122649858515561e+08 1.574406872800180130e+07 8.509277590609431267e+06 4.458087736292302608e+06 2.178976377050251234e+06
1.316924732195755121e+00 5.268348684034172893e+08 1.029265797166782916e+08 1.530101377587093040e+07 8.490378712140262127e+06 4.453047673412427306e+06 2.152282134141003713e+06
1.321318141241792254e+00 5.193250169807280302e+08 1.016042170577838570e+08 1.485938810152420960e+07 8.471706097965776920e+06 4.445300078896328807e+06 2.122974325584066100e+06
1.325711550291920338e+00 5.119358344391048551e+08 1.001318543435084373e+08 1.442014879530748352e+07 8.452922068919420242e+06 4.434500895862609148e+06 2.091106486910193227e+06
1.330104959346098292e+00 5.046046886081747413e+08 9.848716055237799883e+07 1.398424569358817115e+07 8.433762055584967136e+06 4.420237141575321555e+06 2.056898636916806689e+06
1.334498368404287483e+00 4.973724149492440820e+08 9.662047864570552111e+07 1.355260926308237389e+07 8.414249017368614674e+06 4.401699157293796539e+06 2.020712525546477176e+06
1.338891777466447275e+00 4.902193927413182259e+08 9.453358988215649128e+07 1.312614082221988030e+07 8.394266485116899014e+06 4.378458254814356565e+06 1.983018055624865461e+06
1.343285186532538811e+00 4.829633596105198860e+08 9.226954171032230556e+07 1.270570508550938778e+07 8.373238048761367798e+06 4.350562736367583275e+06 1.944353858143508667e+06
1.347678595602524343e+00 4.756191504859951138e+08 8.979102065985494852e+07 1.229212487236836925e+07 8.351124183107197285e+06 4.317085105972692370e+06 1.905285150763173355e+06
1.352072004676365236e+00 4.682645117203004956e+08 8.707794425604292750e+07 1.188617770989787206e+07 8.328101861198484898e+06 4.277124250126779079e+06 1.866362069824915379e+06
1.356465413754024407e+00 4.609233810742766261e+08 8.421873515540423989e+07 1.148859398311087862e+07 8.304217048341572285e+06 4.231410471374034882e+06 1.828081604291356169e+06
1.360858822835464554e+00 4.534854211135265827e+08 8.120986913171906769e+07 1.110005624640165828e+07 8.279066127846777439e+06 4.179388376521304250e+06 1.790856009948246181e+06
1.365252231920649706e+00 4.459356462844947577e+08 7.806491162903225422e+07 1.072119930498855188e+07 8.252536143118500710e+06 4.120824623798906803e+06 1.754990077606722014e+06
1.369645641009543002e+00 4.383603093132352829e+08 7.479299934865564108e+07 1.035261069994969293e+07 8.224870197664380074e+06 4.055359272795587778e+06 1.720668839629461290e+06
1.374039050102109361e+00 4.306618164310963154e+08 7.144036326612220705e+07 9.994831279217757285e+06 8.195648320440590382e+06 3.983534213439404964e+06 1.687956265465677949e+06
1.378432459198313920e+00 4.228447500566246510e+08 6.807340777232746780e+07 9.648355603241246194e+06 8.164792913402616978e+06 3.906561904939115047e+06 1.656804342657647096e+06
1.382825868298121597e+00 4.150290401387268305e+08 6.467092228253652155e+07 9.313632009563907981e+06 8.132698972117364407e+06 3.823845462358891964e+06 1.627070850282502361e+06
1.387219277401498196e+00 4.072468397784090638e+08 6.127684800978005677e+07 8.991062238719958812e+06 8.099449007059276104e+06 3.736394662986904383e+06 1.598543301996046444e+06
1.391612686508410190e+00 3.994289085650882721e+08 5.794083311392667890e+07 8.681000597629392520e+06 8.064681363883197308e+06 3.645586983452223241e+06 1.570966108765324112e+06
1.396006095618823828e+00 3.915239569699260592e+08 5.468150803998161852e+07 8.383752700177741237e+06 8.028066281166017056e+06 3.552209243900403380e+06 1.544068033255089074e+06
1.400399504732706246e+00 3.836712597270339131e+08 5.150090114644849300e+07 8.099573874156678095e+06 7.990168581271171570e+06 3.456588251066267490e+06 1.517587420513886726e+06
1.404792913850025471e+00 3.759200676854674816e+08 4.843742657478347421e+07 7.828667355825884268e+06 7.951198463753402233e+06 3.360250928672552109e+06 1.491293360371884424e+06
1.409186322970748417e+00 3.681433103653209805e+08 4.551168192391661555e+07 7.571182407971070148e+06 7.910470815271317959e+06 3.264282238878853619e+06 1.465001705559954513e+06
1.413579732094843999e+00 3.604469832520120740e+08 4.272208371151315421e+07 7.327212494295393117e+06 7.868508515677392483e+06 3.169122737294413149e+06 1.438585594944530167e+06
1.417973141222280686e+00 3.529580262717758417e+08 4.005606046238724142e+07 7.096793625441297889e+06 7.826051448683321476e+06 3.074751706225834787e+06 1.411980718440149678e+06
1.422366550353027392e+00 3.455788736263271570e+08 3.754275316293916851e+07 6.879902962699643336e+06 7.782627417385518551e+06 2.982643099666558206e+06 1.385185965391292702e+06
1.426759959487053697e+00 3.382614247903465629e+08 3.522476360106647015e+07 6.676457729285236448e+06 7.738016405363023281e+06 2.894893314814813435e+06 1.358260321585404454e+06
1.431153368624329625e+00 3.311167289264172912e+08 3.305440133920563757e+07 6.486314440357206389e+06 7.693003834706664085e+06 2.810193075792759657e+06 1.331316947608113987e+06
1.435546777764824755e+00 3.241897073707669377e+08 3.102348134646118805e+07 6.309268426824420691e+06 7.648062834578335285e+06 2.728626207640249282e+06 1.304515321844883263e+06
1.439940186908510000e+00 3.173855264584140778e+08 2.914165816065196693e+07 6.145053598259464838e+06 7.602778254602730274e+06 2.650931328006029129e+06 1.278052204353334615e+06
1.444333596055356272e+00 3.107621212202889323e+08 2.741654005585629866e+07 5.993342371210511774e+06 7.557769234651982784e+06 2.577828311556760222e+06 1.252152009391149040e+06
1.448727005205334706e+00 3.044671524170560837e+08 2.582548165079552680e+07 5.853745682884953916e+06 7.514329516939222813e+06 2.508685232789855450e+06 1.227056992913280847e+06
1.453120414358416657e+00 2.983354856366709471e+08 2.434518824852987751e+07 5.725813019076612778e+06 7.471622034368991852e+06 2.442770766687858850e+06 1.203017491159863304e+06
1.457513823514574591e+00 2.923181502666774392e+08 2.299781554407560453e+07 5.609032409049298614e+06 7.429602599012315273e+06 2.381321108958069235e+06 1.180282305720093893e+06
1.461907232673780310e+00 2.865243941792921424e+08 2.177336240931919590e+07 5.502830379223534837e+06 7.389343022741794586e+06 2.324158457669004798e+06 1.159089234402845614e+06
1.466300641836006724e+00 2.809790653557755351e+08 2.065065564438566193e+07 5.406571909510583617e+06 7.351305364446997643e+06 2.270517798839226365e+06 1.139655706697330577e+06
1.470694051001226743e+00 2.756154328918253779e+08 1.961985310676268116e+07 5.319560498717451468e+06 7.315300369206368923e+06 2.220106145350657403e+06 1.122169503390491940e+06
1.475087460169413278e+00 2.704072913403179049e+08 1.867977514279513806e+07 5.241038514524668455e+06 7.281387080362915993e+06 2.173031222340594977e+06 1.106779620192926144e+06
1.479480869340540128e+00 2.654456184972491860e+08 1.782878588763381541e+07 5.170188073851984926e+06 7.250321749595463276e+06 2.129377759367130697e+06 1.093587463203398511e+06
1.483874278514581757e+00 2.606364606389943063e+08 1.704791120978499576e+07 5.106132765016047284e+06 7.221602464816570282e+06 2.088315414391085505e+06 1.082638716828507138e+06
1.488267687691511076e+00 2.559381210870152712e+08 1.632701088404353149e+07 5.047940576373232529e+06 7.195029715988546610e+06 2.049407050352545455e+06 1.073916369780869689e+06
1.492661096871303883e+00 2.514009723849243820e+08 1.566862849780012481e+07 4.994628429128406569e+06 7.170849898314446211e+06 2.012894825031427667e+06 1.067335485760230804e+06
1.497054506053933975e+00 2.470160368405970633e+08 1.506783793554327823e+07 4.945168716272868216e+06 7.148840959211379290e+06 1.978611322475446388e+06 1.062740331002646824e+06
1.501447915239376929e+00 2.427340060923472643e+08 1.451046523386349529e+07 4.898498216969335452e+06 7.128518663497507572e+06 1.945842999459544197e+06 1.059904403698534472e+06
1.505841324427607875e+00 2.385419811221536994e+08 1.399783447237569094e+07 4.853529679692884907e+06 7.109501708096146584e+06 1.914742809545733035e+06 1.058533753575219773e+06
1.510234733618603276e+00 2.344519759985165596e+08 1.352740472541303001e+07 4.809166244007678702e+06 7.091449565584003925e+06 1.885262423433603719e+06 1.058273756304752780e+06
1.514628142812337819e+00 2.304338897928414643e+08 1.308903411079890653e+07 4.764318700129936449e+06 7.073770150062680244e+06 1.856854198169805110e+06 1.058719251719129970e+06
1.519021552008788634e+00 2.264408383232120872e+08 1.267687168115443364e+07 4.717925373018758371e+06 7.055756640644252300e+06 1.829211239449542016e+06 1.059427703344970942e+06
1.523414961207931961e+00 2.224882973777863681e+08 1.229003518241410516e+07 4.668974175021805800e+06 7.036952049922615290e+06 1.802338191191982478e+06 1.059934816954238107e+06
1.527808370409744487e+00 2.186160077254408002e+08 1.192847488382985257e+07 4.616526116728410125e+06 7.017060268655538559e+06 1.776326806626228616e+06 1.059771882792742224e+06
1.532201779614203563e+00 2.147304768270744979e+08 1.158630674590840749e+07 4.559739322818141431e+06 6.995125042777121067e+06 1.750839736561562866e+06 1.058483983271702891e+06
1.536595188821286095e+00 2.108335597388767898e+08 1.125746104091995209e+07 4.497892396600255743e+06 6.970713460018664598e+06 1.725493711544206366e+06 1.055648133748692926e+06
1.540988598030969658e+00 2.069621883933913410e+08 1.094627441907294840e+07 4.430405841392289847e+06 6.943692849358975887e+06 1.700698571276595816e+06 1.050890397052527638e+06
1.545382007243232492e+00 2.030853811530092657e+08 1.065057989109620079e+07 4.356860204566989094e+06 6.913649597376525402e+06 1.676376500829311088e+06 1.043901034901181003e+06
1.549775416458052391e+00 1.991717238942075074e+08 1.036303641153560765e+07 4.277009678608055227e+06 6.880154442528724670e+06 1.651995421884274110e+06 1.034446836556794937e+06
1.554168825675407595e+00 1.952229100260321796e+08 1.008480938635341637e+07 4.190790080076411832e+06 6.843151263585299253e+06 1.627708887627398595e+06 1.022379901975762565e+06
1.558562234895276566e+00 1.913037158664965928e+08 9.816216625296384096e+06 4.098320424810090102e+06 6.803365848098337650e+06 1.603604984699171036e+06 1.007642353795893490e+06
1.562955644117638432e+00 1.873430417555970252e+08 9.554724009055819362e+06 3.999897705530375242e+06 6.760282000970125198e+06 1.579515127523753792e+06 9.902667023856851738e+05
1.567349053342472320e+00 1.833151933476586044e+08 9.299925650456150994e+06 3.895984921439799480e+06 6.713851867749243975e+06 1.555445710270747542e+06 9.703718737131631933e+05
1.571742462569756693e+00 1.792769709423822165e+08 9.050502133188895881e+06 3.787192866609845310e+06 6.665039699537873268e+06 1.531309802658636123e+06 9.481552063221882563e+05
1.576135871799471788e+00 1.752399964180018008e+08 8.809041588143872097e+06 3.674256607708365191e+06 6.614434295571357012e+06 1.507397319641800597e+06 9.238810012491556117e+05
1.580529281031597399e+00 1.711845792560196221e+08 8.575258697446554899e+06 3.558007929282650352e+06 6.562233401902496815e+06 1.483724023975653574e+06 8.978664377964838641e+05
1.584922690266113099e+00 1.671072223586956561e+08 8.343849416774239391e+06 3.439345261592621915e+06 6.508839225208461285e+06 1.459773572755306959e+06 8.704658241487917257e+05
1.589316099502999124e+00 1.630774403960606158e+08 8.117249398203812540e+06 3.319202711450430565e+06 6.455598789166659117e+06 1.435811921810850501e+06 8.420542194204772823e+05
1.593709508742236158e+00 1.590501625108151734e+08 7.899977174574030563e+06 3.198519786012702622e+06 6.402306575559169054e+06 1.412345916421856731e+06 8.130114389681444736e+05
1.598102917983804661e+00 1.549736445914902985e+08 7.687884725231749937e+06 3.078213244224038441e+06 6.348605710684895515e+06 1.388960454193221405e+06 7.837073452769023133e+05
1.602496327227685313e+00 1.509537283960807621e+08 7.479180402761877514e+06 2.959152255399985705e+06 6.296144880864024162e+06 1.365469818617629819e+06 7.544891499200592516e+05
1.606889736473859021e+00 1.469875758498673439e+08 7.277598646811594255e+06 2.842137722760867327e+06 6.245040079599052668e+06 1.342313174420290627e+06 7.256712318859574152e+05
1.611283145722307797e+00 1.430203815288349688e+08 7.083756549855907448e+06 2.727886278801135719e+06 6.194662232423007488e+06 1.319594413760806434e+06 6.975277403330191737e+05
1.615676554973012324e+00 1.390995390856494904e+08 6.895947062178019434e+06 2.617019115142459515e+06 6.145608737273275852e+06 1.297146010052948259e+06 6.702880208170261467e+05
1.620069964225954617e+00 1.352734631790780127e+08 6.713276115319389850e+06 2.510055501639381051e+06 6.098382098625898361e+06 1.274884521375070326e+06 6.441347038181748940e+05
1.624463373481116024e+00 1.315185807741559893e+08 6.538759151278001256e+06 2.407410599930744153e+06 6.052523575887665153e+06 1.253211508974727243e+06 6.192041377613815712e+05
1.628856782738478781e+00 1.277814006947489828e+08 6.373079320460412651e+06 2.309396996846698225e+06 6.007182222735151649e+06 1.232258078313253820e+06 5.955887431659830036e+05
1.633250191998025569e+00 1.241048949986389726e+08 6.213426774690489285e+06 2.216229275994480122e+06 5.962653866762176156e+06 1.211710386501125991e+06 5.733408112868710887e+05
1.637643601259738402e+00 1.205488376188380271e+08 6.060577559156232513e+06 2.128030906434434000e+06 5.919429419234156609e+06 1.191704979225953110e+06 5.524772651988541475e+05
1.642037010523600404e+00 1.170670030838553458e+08 5.916012512330412865e+06 2.044842745027065044e+06 5.876735276195913553e+06 1.172478119347088970e+06 5.329849352976195514e+05
1.646430419789593591e+00 1.136531839506217539e+08 5.778445436375140212e+06 1.966632510331125930e+06 5.834322616179868579e+06 1.153904360974409617e+06 5.148259638513675309e+05
1.650823829057701309e+00 1.103474654613283426e+08 5.647660529117729515e+06 1.893304676298128441e+06 5.792575528177127242e+06 1.135994501607941464e+06 4.979430329176100204e+05
1.655217238327906903e+00 1.071207184304447025e+08 5.524174335758253932e+06 1.824710339824358467e+06 5.751092811145946383e+06 1.118859641368214972e+06 4.822641956734856358e+05
1.659610647600193500e+00 1.039621172545583993e+08 5.408046291376185603e+06 1.760656725682593882e+06 5.709769058119669557e+06 1.102549065985777415e+06 4.677071736744090449e+05
1.664004056874544446e+00 1.008748555090386719e+08 5.299165625521993265e+06 1.700916096528310794e+06 5.668763757777467370e+06 1.087086995267260820e+06 4.541830549580889638e+05
1.668397466150943975e+00 9.790169985202312469e+07 5.197155062918994576e+06 1.645233927986664465e+06 5.628867459393054247e+06 1.072456290537709370e+06 4.415993859730198164e+05
1.672790875429375879e+00 9.500188121078567207e+07 5.101843766878804192e+06 1.593336285603887634e+06 5.589828770613551140e+06 1.058665482775318436e+06 4.298626924790766207e+05
1.677184284709823281e+00 9.216722079035937786e+07 5.013155610415500589e+06 1.544936399970009923e+06 5.551896246149465442e+06 1.045734702329322696e+06 4.188804912482932559e+05
1.681577693992271305e+00 8.942492372641377151e+07 4.930338307865321636e+06 1.499740478566476842e+06 5.515842124230131507e+06 1.033581242298255675e+06 4.085628675196099211e+05
1.685971103276704186e+00 8.674575276608146727e+07 4.852699648708081804e+06 1.457452819102751324e+06 5.481703226966291666e+06 1.022127436366135255e+06 3.988236955363981542e+05
1.690364512563106159e+00 8.412745750111669302e+07 4.780709084054053761e+06 1.417780301372012123e+06 5.449890516750425100e+06 1.011464093648648821e+06 3.895815741695950856e+05
1.694757921851462346e+00 8.156738977494440973e+07 4.714744287283761427e+06 1.380436335255909013e+06 5.420780458310171962e+06 1.001668355154854245e+06 3.807605394076850498e+05
1.699151331141756982e+00 7.908363731419108808e+07 4.653745680944056250e+06 1.345144334427912952e+06 5.394887629086822271e+06 9.926015769230769947e+05 3.722906030239055981e+05
1.703544740433975413e+00 7.664849271234856546e+07 4.596934319417808205e+06 1.311640771000712179e+06 5.372150794878855348e+06 9.841652230136990547e+05 3.641081537674881984e+05
1.707938149728102761e+00 7.425254708284477890e+07 4.544924838433750905e+06 1.279677848730590660e+06 5.352609858249574900e+06 9.764669565158132464e+05 3.561562455358582083e+05
1.712331559024124816e+00 7.189831717268747091e+07 4.496823162730727345e+06 1.249025813797470182e+06 5.336304097632721066e+06 9.693898837540717795e+05 3.483847870033411891e+05
1.716724968322025813e+00 6.958840221046060324e+07 4.451882680536957458e+06 1.219474904846247518e+06 5.323047084697559476e+06 9.628408848419925198e+05 3.407506395569259766e+05
1.721118377621792428e+00 6.730941414497001469e+07 4.410172042351751588e+06 1.190836929866834078e+06 5.312424830220818520e+06 9.568471672169817612e+05 3.332176254001951893e+05
1.725511786923410007e+00 6.504677528741173446e+07 4.371378697950161062e+06 1.162946447892545024e+06 5.303864271659418941e+06 9.513806732984995469e+05 3.257564450528924935e+05
1.729905196226864561e+00 6.283682940841652453e+07 4.335212695135898888e+06 1.135661529475999763e+06 5.296800383874103427e+06 9.464159583557592705e+05 3.183445030453287764e+05
1.734298605532142545e+00 6.067079481284190714e+07 4.300978513936934993e+06 1.108864071680360008e+06 5.290344866315640509e+06 9.418746077700899914e+05 3.109656418414005311e+05
1.738692014839229083e+00 5.850654453299836814e+07 4.268309893879173324e+06 1.082459650787962368e+06 5.283409580391094089e+06 9.377265007617911324e+05 3.036097865003854968e+05
1.743085424148111295e+00 5.635458901299838722e+07 4.237128205108462833e+06 1.056376908145096852e+06 5.274936891769930720e+06 9.339763680369574577e+05 2.962725057130288915e+05
1.747478833458775194e+00 5.423311566553687304e+07 4.207065981658692472e+06 1.030566480428329553e+06 5.263855976409979165e+06 9.305896627791067585e+05 2.889544981823789421e+05
1.751872242771208121e+00 5.213136260162547231e+07 4.177442531498937868e+06 1.004999503354123910e+06 5.248938000403009355e+06 9.274986700079664588e+05 2.816610163761691074e+05
1.756265652085396090e+00 5.004843806501881033e+07 4.147843705436487217e+06 9.796657358226660872e+05 5.228991000470176339e+06 9.246710851411395706e+05 2.744012421556162881e+05
1.760659061401326442e+00 4.799800359366558492e+07 4.118172660108637996e+06 9.545713678354736185e+05 5.203044776607237756e+06 9.220993660903554410e+05 2.671876304318545735e+05
1.765052470718985411e+00 4.598194274993275851e+07 4.088120368353850208e+06 9.297365887391319266e+05 5.170182953402370214e+06 9.197510659049237147e+05 2.600352377100755984e+05
1.769445880038360785e+00 4.397302378779841214e+07 4.057031539994788822e+06 9.051930012610228732e+05 5.128972467639252543e+06 9.175654409523191862e+05 2.529610521628066490e+05
1.773839289359439686e+00 4.198813317593333125e+07 4.024779042014069855e+06 8.809809706473974511e+05 5.078809269400000572e+06 9.155195136138610542e+05 2.459833407984194637e+05
1.778232698682209678e+00 4.005445197368421406e+07 3.991464617443241645e+06 8.571469968872733880e+05 5.019843751409769058e+06 9.135928610744462349e+05 2.391210275495455135e+05
1.782626108006657661e+00 3.814069293014705926e+07 3.956509120187304914e+06 8.337411917188240914e+05 4.950666584821425378e+06 9.117195056906864047e+05 2.323931138462618692e+05
1.787019517332771645e+00 3.625461338115405291e+07 3.919249236765842419e+06 8.108149317394890822e+05 4.871094792482793331e+06 9.098289910484286956e+05 2.258181507454030798e+05
1.791412926660539195e+00 3.442480862480021268e+07 3.880041296081894077e+06 7.884187453939896077e+05 4.782240318660095334e+06 9.078974992477763444e+05 2.194137690709166054e+05
1.795806335989948543e+00 3.264325931157505140e+07 3.838443053220663220e+06 7.666004762616027147e+05 4.683971723308671266e+06 9.058546362563772127e+05 2.131962715558202763e+05
1.800199745320987699e+00 3.088775695837675780e+07 3.794055870147814974e+06 7.454037490356523776e+05 4.575134988926522434e+06 9.036272515745498240e+05 2.071802887090258591e+05
1.804593154653644005e+00 2.916906569314055890e+07 3.747091728549540509e+06 7.248667491419438738e+05 4.456433867479257286e+06 9.011673848633808084e+05 2.013784982389677898e+05
1.808986563987906804e+00 2.752662211741213873e+07 3.697608682128152344e+06 7.050213129525497789e+05 4.331266419794995338e+06 8.984183775733397342e+05 1.958014063366969931e+05
1.813379973323763439e+00 2.593540100547398254e+07 3.645721817584963981e+06 6.858923137927526841e+05 4.198521393933538347e+06 8.953271873069000430e+05 1.904571880311332061e+05
1.817773382661202808e+00 2.438585771811556444e+07 3.590808151192288380e+06 6.674973197606948670e+05 4.058052766853202134e+06 8.917941900050737895e+05 1.853515831036907621e+05
1.822166792000212920e+00 2.290863795060114935e+07 3.532968077453987673e+06 6.498464929955459666e+05 3.913422568152118474e+06 8.877604741500513628e+05 1.804878436892172904e+05
1.826560201340783784e+00 2.149189072512919828e+07 3.472655905599949416e+06 6.329426963008312741e+05 3.764549731524549425e+06 8.831956710426178761e+05 1.758667295773665537e+05
1.830953610682902299e+00 2.012909845600775257e+07 3.409612868052030448e+06 6.167817717261873186e+05 3.611675515439275652e+06 8.780229836611677893e+05 1.714865473373301793e+05
1.835347020026559139e+00 1.882182179126337171e+07 3.343531308797909413e+06 6.013529564073585207e+05 3.455812651235353202e+06 8.721533945681932382e+05 1.673432295585412940e+05
1.839740429371741870e+00 1.758409086403736472e+07 3.275204851630157791e+06 5.866394032208849676e+05 3.299713900363259017e+06 8.656025326349977404e+05 1.634304507235700148e+05
1.844133838718440277e+00 1.641519984607014805e+07 3.205183609453360084e+06 5.726187771358806640e+05 3.144431701228879392e+06 8.583786793818958104e+05 1.597397763713652676e+05
1.848527248066643924e+00 1.530359957588597760e+07 3.132747485550401267e+06 5.592639020898402669e+05 2.989505425911661237e+06 8.503684669947340153e+05 1.562608422623111401e+05
1.852920657416341488e+00 1.425360967087799869e+07 3.058192204407011624e+06 5.465434373782693874e+05 2.836479343223584816e+06 8.415572738376427442e+05 1.529815601686914160e+05
1.857314066767522309e+00 1.326318089089521952e+07 2.982446130268803798e+06 5.344225666021371726e+05 2.686039696083417162e+06 8.320241316885408014e+05 1.498883467083345749e+05
1.861707476120175953e+00 1.232685566490166448e+07 2.905626158787991852e+06 5.228636859104607138e+05 2.538240468103881925e+06 8.217621645179372281e+05 1.469663713202821382e+05
1.866100885474292204e+00 1.144487994453517534e+07 2.827166688925384078e+06 5.118270814378872165e+05 2.393941654773870483e+06 8.106729045612295158e+05 1.441998191214127582e+05
1.870494294829860848e+00 1.062571075095517002e+07 2.747220172281541396e+06 5.012715883844300988e+05 2.255406882195619866e+06 7.987460118740797043e+05 1.415721640095565235e+05
1.874887704186871673e+00 9.867823577217126265e+06 2.666994242020615842e+06 4.911552260711469571e+05 2.123274006498470902e+06 7.861470153067563660e+05 1.390664470799505652e+05
1.879281113545314019e+00 9.156035323455549777e+06 2.586798942067901138e+06 4.814358045845780289e+05 1.995634842415871099e+06 7.729238735802471638e+05 1.366655552309618215e+05
1.883674522905179005e+00 8.488159689409114420e+06 2.506159558791073970e+06 4.720714993353274185e+05 1.872687704619428143e+06 7.589967751655224711e+05 1.343524947985233448e+05
1.888067932266455751e+00 7.871294859035840258e+06 2.425635052160494030e+06 4.630213901392591652e+05 1.756340839790510014e+06 7.444590087962960824e+05 1.321106551957924094e+05
1.892461341629134264e+00 7.296461567679900676e+06 2.345486978851779830e+06 4.542459613789113355e+05 1.645457441687345505e+06 7.293604327766941860e+05 1.299240578431663453e+05
1.896854750993205219e+00 6.759289076584942639e+06 2.266004460599163547e+06 4.457075595731915673e+05 1.539655184683011845e+06 7.137676425012303516e+05 1.277775861350233317e+05
1.901248160358659067e+00 6.264613451807980426e+06 2.187320528782894835e+06 4.373708043952636071e+05 1.440322520074812695e+06 6.977170952119883150e+05 1.256571927668955323e+05
1.905641569725486262e+00 5.810793556772658601e+06 2.109094104075955693e+06 4.292029489673903445e+05 1.347563212756635621e+06 6.811481876209480688e+05 1.235500813944392721e+05
1.910034979093676810e+00 5.389411204197530635e+06 2.031964716523267096e+06 4.211741852224378963e+05 1.260011041111111641e+06 6.642074362275812309e+05 1.214448602633443370e+05
1.914428388463222053e+00 4.996876969747177325e+06 1.956630951318027219e+06 4.132578903388088802e+05 1.177200050994108431e+06 6.470735374757044483e+05 1.193316660859327530e+05
1.918821797834112219e+00 4.637245115805168636e+06 1.882351556376080727e+06 4.054308107930369442e+05 1.100252551814115606e+06 6.296006184257923160e+05 1.172022570152074913e+05
1.923215207206337984e+00 4.305469772454723716e+06 1.809734892114175018e+06 3.976731814180338406e+05 1.028331715247184969e+06 6.119540111272376962e+05 1.150500740421660448e+05
1.927608616579890688e+00 3.997357918358610477e+06 1.739205530841404339e+06 3.899687780282585300e+05 9.607242442514677532e+05 5.942685956416463014e+05 1.128702705213886511e+05
1.932002025954761004e+00 3.715055428421959747e+06 1.670238172068636864e+06 3.823049035946887452e+05 8.980739293451500125e+05 5.764438340681600384e+05 1.106597098123137985e+05
1.936395435330939829e+00 3.455534322529354133e+06 1.602865959557053400e+06 3.746723095730320201e+05 8.398686569227008149e+05 5.585149263661529403e+05 1.084169312321133184e+05
1.940788844708418281e+00 3.214510840227382723e+06 1.537446202843601815e+06 3.670650556957451045e+05 7.852734162433478050e+05 5.406037104561612941e+05 1.061420846911448170e+05
1.945182254087187923e+00 2.991747831128640566e+06 1.474259718870772980e+06 3.594803132432530983e+05 7.343381072815535590e+05 5.228266128019322641e+05 1.038368345516635309e+05
1.949575663467239872e+00 2.787889888577691279e+06 1.412863902074542828e+06 3.519181183907705708e+05 6.873087356916707940e+05 5.050908156938585453e+05 1.015042334593425912e+05
1.953969072848565469e+00 2.600276429672330152e+06 1.353144769414006732e+06 3.443810835969572654e+05 6.436596240291260183e+05 4.873951882444019429e+05 9.914856718768090650e+04
1.958362482231155832e+00 2.425413985216976609e+06 1.295639551760563394e+06 3.368740760630542645e+05 6.026436213638531044e+05 4.699292825410799123e+05 9.677517192844298552e+04
1.962755891615002746e+00 2.264808157208962366e+06 1.240497736782296561e+06 3.294038729963509832e+05 5.646731847296641208e+05 4.527820183911484201e+05 9.439022600571633666e+04
1.967149301000097994e+00 2.117316288009592332e+06 1.187147414466030663e+06 3.219788037112230668e+05 5.295341050959234126e+05 4.358092513959982898e+05 9.200051870602945564e+04
1.971542710386433139e+00 1.979909629240324954e+06 1.135660720541212708e+06 3.146083884997189743e+05 4.965511359292881098e+05 4.190673049798673019e+05 8.961319985027772782e+04
1.975936119773999078e+00 1.852773979316116776e+06 1.086434916784037603e+06 3.073029837084762985e+05 4.658058485174556263e+05 4.027189551056337077e+05 8.723551490752918471e+04
1.980329529162788926e+00 1.735367458531651646e+06 1.039193680614406825e+06 3.000734416269227513e+05 4.372039576392192394e+05 3.867108205626177369e+05 8.487453190241286939e+04
1.984722938552793803e+00 1.627209517986044288e+06 9.935156578871117672e+05 2.929307926707693841e+05 4.106639966313762125e+05 3.709291448191931704e+05 8.253686809049724252e+04
1.989116347944005492e+00 1.526900570461026626e+06 9.495317236704598181e+05 2.858859560267177294e+05 3.858729222908744123e+05 3.554468747387365438e+05 8.022842632696476358e+04
1.993509757336416666e+00 1.433214385697399499e+06 9.075203812587331049e+05 2.789494834721481311e+05 3.625535051418440416e+05 3.403930120808104984e+05 7.795415311713404662e+04
1.997903166730018221e+00 1.346677688157265773e+06 8.673804191295781638e+05 2.721313395950907725e+05 3.408621912643404212e+05 3.257644088143254630e+05 7.571783231257382431e+04
2.002296576124804162e+00 1.265863022923471872e+06 8.288730227008825168e+05 2.654407201761326287e+05 3.204647842393838800e+05 3.115042657338597346e+05 7.352193000519460475e+04
2.006689985520766051e+00 1.190090786982596386e+06 7.918963737666361267e+05 2.588859091295008839e+05 3.012104753057386260e+05 2.976015612092701485e+05 7.136750701283541275e+04
2.011083394917894562e+00 1.120005465652888641e+06 7.566879440328978235e+05 2.524741731765395380e+05 2.832837808243306354e+05 2.841750376516565448e+05 6.925421504178695614e+04
2.015476804316183923e+00 1.055035368661137531e+06 7.230334680205949116e+05 2.462116923869477469e+05 2.665611018957344349e+05 2.711711410183067201e+05 6.718039080282175564e+04
2.019870213715626583e+00 9.942611534329752903e+05 6.904643711595357163e+05 2.401035238836469653e+05 2.508247841546006966e+05 2.584334580678198254e+05 6.514325879916903796e+04
2.024263623116213662e+00 9.370456369241507491e+05 6.594367148563218070e+05 2.341535953774308728e+05 2.359261262796650408e+05 2.461644219252873445e+05 6.313924813323921990e+04
2.028657032517938497e+00 8.837455707845432917e+05 6.299892382275435375e+05 2.283647247743838234e+05 2.219736430327870185e+05 2.344064335472043604e+05 6.116442162375225598e+04
2.033050441920794427e+00 8.337925053117782809e+05 6.017047111079544993e+05 2.227386618589344143e+05 2.088333417436489835e+05 2.230175567897728179e+05 5.921500709236438706e+04
2.037443851324772570e+00 7.867866217456996674e+05 5.745336742424241966e+05 2.172761479922792059e+05 1.964127208275221055e+05 2.119993730495251948e+05 5.728801125479102484e+04
2.041837260729866710e+00 7.429787846028796630e+05 5.487287957491968991e+05 2.119769898362853855e+05 1.847893603111937409e+05 2.014758376262047095e+05 5.538188657905034052e+04
2.046230670136069740e+00 7.020355863317756448e+05 5.241811276348594693e+05 2.068401433054339432e+05 1.738851307827103883e+05 1.914226781504985993e+05 5.349721093349402508e+04
2.050624079543374112e+00 6.631460507032667520e+05 5.005936920310375863e+05 2.018638042250486615e+05 1.634912055921052815e+05 1.817355622168101254e+05 5.163732876866459264e+04
2.055017488951773164e+00 6.263533759203865193e+05 4.778691194067230681e+05 1.970455025153246534e+05 1.536243346755637322e+05 1.723887967776046135e+05 4.980889072814852989e+04
2.059410898361259790e+00 5.921545737505784491e+05 4.562643156292671920e+05 1.923821970994599105e+05 1.444221565826006699e+05 1.635000647189348820e+05 4.802221584297664231e+04
2.063804307771825997e+00 5.599007409412033157e+05 4.357146220930232666e+05 1.878703691330443544e+05 1.357131761052871589e+05 1.550516188506260514e+05 4.629138751080493239e+04
2.068197717183466899e+00 5.292470397675478598e+05 4.158844586204980151e+05 1.835061115559452446e+05 1.274050202256153570e+05 1.469110195642507751e+05 4.463398388100308512e+04
2.072591126596174060e+00 5.004392067592171370e+05 3.969729403893626295e+05 1.792852133613232581e+05 1.195638771620391053e+05 1.391621373990125721e+05 4.307034105589411047e+04
2.076984536009941262e+00 4.735579225858867285e+05 3.790208637963790679e+05 1.752032373529583565e+05 1.122115550719590974e+05 1.318200008661153261e+05 4.162226425198672951e+04
2.081377945424761844e+00 4.480333391094661201e+05 3.618284466354723554e+05 1.712555905123680423e+05 1.051906142328398419e+05 1.247979114026292227e+05 4.031115208771649486e+04
2.085771354840628256e+00 4.236947690822353470e+05 3.454211603115230100e+05 1.674375864190883294e+05 9.845142781690141419e+04 1.180984480794997653e+05 3.915559517411234265e+04
2.090164764257535168e+00 4.008536400316455984e+05 3.296934895418326487e+05 1.637444994550091506e+05 9.207773073010845110e+04 1.116680654327135999e+05 3.816865149872315669e+04
2.094558173675476365e+00 3.792592304054053966e+05 3.146367718915636069e+05 1.601716107791724207e+05 8.599847578828828409e+04 1.054906928003533394e+05 3.735515913748698222e+04
2.098951583094443851e+00 3.588414306247170898e+05 3.002678086593722110e+05 1.567142462787308905e+05 8.019280602082388941e+04 9.955953951149428030e+04 3.670956027952870500e+04
2.103344992514432299e+00 3.395779721598562901e+05 2.864886768780113780e+05 1.533678068860461062e+05 7.465419768747192575e+04 9.381975662505475339e+04 3.621470622022877069e+04
2.107738401935434602e+00 3.214088955215419410e+05 2.733184622745270608e+05 1.501277918056318013e+05 6.936699739229027182e+04 8.826517320171580650e+04 3.584195286396632582e+04
2.112131811357444988e+00 3.041144007174393046e+05 2.608175997240618162e+05 1.469898153085586673e+05 6.426872505518764956e+04 8.290945888520972221e+04 3.555257930470867723e+04
2.116525220780456795e+00 2.876546322641930892e+05 2.488713756291028403e+05 1.439496178422255325e+05 5.935019998882437358e+04 7.769395549781181035e+04 3.530027628057746915e+04
2.120918630204463806e+00 2.721707016200621147e+05 2.373344578023758077e+05 1.410030722560593276e+05 5.465802801819797605e+04 7.254575248380130506e+04 3.503427002807141253e+04
2.125312039629460248e+00 2.576158118255395675e+05 2.264372486927013670e+05 1.381461859715866449e+05 5.018568648830935126e+04 6.756376894192254986e+04 3.470261955565674725e+04
2.129705449055439459e+00 2.438224701062887616e+05 2.160824062364189595e+05 1.353750999269950262e+05 4.588930552480070037e+04 6.270500825727943447e+04 3.425531958846070484e+04
2.134098858482395666e+00 2.307164345949535200e+05 2.060604284095813637e+05 1.326860851010841143e+05 4.175392480079681263e+04 5.787357245360378874e+04 3.364698304630270286e+04
2.138492267910323097e+00 2.183752234291443892e+05 1.964855210683297191e+05 1.300755373786724813e+05 3.781347030971478671e+04 5.312863920824293746e+04 3.283900106980357668e+04
2.142885677339215533e+00 2.066465048517226242e+05 1.873577688709677313e+05 1.275399714555222308e+05 3.402961611426080344e+04 4.848120868279569549e+04 3.180115632557412391e+04
2.147279086769067202e+00 1.954992462439239898e+05 1.786774021159704134e+05 1.250760144043607434e+05 3.040397635881573660e+04 4.394882748585726949e+04 3.051269983835234234e+04
2.151672496199871443e+00 1.849934885617338005e+05 1.703465504049445735e+05 1.226803994335410243e+05 2.697075142294220859e+04 3.950267878836317686e+04 2.896291139258087787e+04
2.156065905631623369e+00 1.750385606211317354e+05 1.623298803633031494e+05 1.203499602741534763e+05 2.372222529840850621e+04 3.515937823415265302e+04 2.715116738739644643e+04
2.160459315064316765e+00 1.654917771810609265e+05 1.545944750966079882e+05 1.180816265291899617e+05 2.064895352915389230e+04 3.096541259660798823e+04 2.508654946696947081e+04
2.164852724497946745e+00 1.560666085426591453e+05 1.469532509477903077e+05 1.158724202176877588e+05 1.772825389779126272e+04 2.693636378899478586e+04 2.278704530743254509e+04
2.169246133932506204e+00 1.465079881607929419e+05 1.389477325919273135e+05 1.137194536455803027e+05 1.499492813876652508e+04 2.302664903846153175e+04 2.027841614626281807e+04
2.173639543367990701e+00 1.362777769089732610e+05 1.300709984301830555e+05 1.116199286421938305e+05 1.244863707937876461e+04 1.927320200085143733e+04 1.759282721017487711e+04
2.178032952804393574e+00 1.246121305458895222e+05 1.197433584346990974e+05 1.095711371146365564e+05 1.007546792083512992e+04 1.575010131241998170e+04 1.476735019961533908e+04
2.182426362241709938e+00 1.110265150797070237e+05 1.073469186810856627e+05 1.075704627966360422e+05 7.918618698836711701e+03 1.248436718087362533e+04 1.184244675301521602e+04
2.186819771679934465e+00 9.540749496937882213e+04 9.262162537234042247e+04 1.056153840047952981e+05 6.007309492563435924e+03 9.518343510638296721e+03 8.860527236395355430e+03
2.191213181119061382e+00 7.814443297803617315e+04 7.598669895439260290e+04 1.037034771669972106e+05 4.361058085701981327e+03 6.926573586591010098e+03 5.864652817569479339e+03
2.195606590559084914e+00 6.013483824474924768e+04 5.869890989313471800e+04 1.018324208504147828e+05 2.994017788255470805e+03 4.786181697970634559e+03 2.897415840390140602e+03
